#FUNDO 3 0 950 75 75
#FUNDO 5 225 950 75 75
#FUNDO 3 300 950 75 75
#FUNDO 0 1525 0 75 75
#FUNDO 0 1375 0 75 75
#FUNDO 0 1225 0 75 75
#FUNDO 1 1450 0 75 75
#FUNDO 1 1300 0 75 75
#FUNDO 1 1150 0 75 75
#FUNDO 0 1075 0 75 75
#FUNDO 1 1000 0 75 75
#FUNDO 0 925 0 75 75
#FUNDO 0 775 0 75 75
#FUNDO 0 625 0 75 75
#FUNDO 1 850 0 75 75
#FUNDO 1 700 0 75 75
#FUNDO 1 550 0 75 75
#FUNDO 0 475 0 75 75
#FUNDO 1 400 0 75 75
#FUNDO 0 325 0 75 75
#FUNDO 0 175 0 75 75
#FUNDO 0 50 0 75 75
#FUNDO 0 25 0 75 75
#FUNDO 0 0 0 75 75
#FUNDO 3 1525 75 75 75
#FUNDO 3 1225 75 75 75
#FUNDO 3 1075 75 75 75
#FUNDO 3 925 75 75 75
#FUNDO 3 775 75 75 75
#FUNDO 3 625 75 75 75
#FUNDO 3 475 75 75 75
#FUNDO 3 700 150 75 75
#FUNDO 4 775 225 75 75
#FUNDO 4 850 300 75 75
#FUNDO 4 925 375 75 75
#FUNDO 4 1000 450 75 75
#FUNDO 4 1075 525 75 75
#FUNDO 4 1150 600 75 75
#FUNDO 4 1225 675 75 75
#FUNDO 4 1300 750 75 75
#FUNDO 4 1375 825 75 75
#FUNDO 4 1450 900 75 75
#FUNDO 2 1525 150 75 75
#FUNDO 2 1525 300 75 75
#FUNDO 2 1450 225 75 75
#FUNDO 2 1450 375 75 75
#FUNDO 2 1450 525 75 75
#FUNDO 2 1450 850 75 75
#FUNDO 2 1450 975 75 75
#FUNDO 2 1375 150 75 75
#FUNDO 2 1375 300 75 75
#FUNDO 2 1375 450 75 75
#FUNDO 2 1375 600 75 75
#FUNDO 2 1525 600 75 75
#FUNDO 5 1525 900 75 75
#FUNDO 5 1525 750 75 75
#FUNDO 5 1475 825 75 75
#FUNDO 3 1375 75 75 75
#FUNDO 2 1450 75 75 75
#FUNDO 4 1450 150 75 75
#FUNDO 4 1375 225 75 75
#FUNDO 4 1450 300 75 75
#FUNDO 4 1525 375 75 75
#FUNDO 4 1375 375 75 75
#FUNDO 4 1450 450 75 75
#FUNDO 4 1525 525 75 75
#FUNDO 4 1375 525 75 75
#FUNDO 4 1450 600 75 75
#FUNDO 4 1525 675 75 75
#FUNDO 4 1375 675 75 75
#FUNDO 4 1450 750 75 75
#FUNDO 2 1375 750 75 75
#FUNDO 2 1450 825 75 75
#FUNDO 3 1525 825 75 75
#FUNDO 3 1450 900 75 75
#FUNDO 3 1550 950 75 75
#FUNDO 3 1525 975 75 75
#FUNDO 3 1375 975 75 75
#FUNDO 2 1300 75 75 75
#FUNDO 2 1225 150 75 75
#FUNDO 2 1300 225 75 75
#FUNDO 2 1300 375 75 75
#FUNDO 2 1300 525 75 75
#FUNDO 2 1300 675 75 75
#FUNDO 2 1225 750 75 75
#FUNDO 2 1150 825 75 75
#FUNDO 2 1300 825 75 75
#FUNDO 2 1225 900 75 75
#FUNDO 2 1225 600 75 75
#FUNDO 2 1225 450 75 75
#FUNDO 2 1225 300 75 75
#FUNDO 2 1150 75 75 75
#FUNDO 2 1075 150 75 75
#FUNDO 2 1150 225 75 75
#FUNDO 2 1150 375 75 75
#FUNDO 2 1150 525 75 75
#FUNDO 2 1075 600 75 75
#FUNDO 2 1150 675 75 75
#FUNDO 2 1075 750 75 75
#FUNDO 2 1000 825 75 75
#FUNDO 3 1300 150 75 75
#FUNDO 3 1150 150 75 75
#FUNDO 3 1225 225 75 75
#FUNDO 3 1300 300 75 75
#FUNDO 3 1525 225 75 75
#FUNDO 3 1150 300 75 75
#FUNDO 3 1075 225 75 75
#FUNDO 3 1075 375 75 75
#FUNDO 3 1225 375 75 75
#FUNDO 3 1300 450 75 75
#FUNDO 3 1150 450 75 75
#FUNDO 3 1225 525 75 75
#FUNDO 3 1300 600 75 75
#FUNDO 3 1150 750 75 75
#FUNDO 3 1075 675 75 75
#FUNDO 3 1225 825 75 75
#FUNDO 3 1300 900 75 75
#FUNDO 3 1225 975 75 75
#FUNDO 3 1150 900 75 75
#FUNDO 5 1150 975 75 75
#FUNDO 5 1300 975 75 75
#FUNDO 5 925 150 75 75
#FUNDO 5 1000 225 75 75
#FUNDO 5 1075 300 75 75
#FUNDO 5 1075 450 75 75
#FUNDO 5 1000 525 75 75
#FUNDO 5 1000 675 75 75
#FUNDO 2 1000 75 75 75
#FUNDO 3 1000 150 75 75
#FUNDO 3 1000 300 75 75
#FUNDO 3 925 225 75 75
#FUNDO 3 850 150 75 75
#FUNDO 3 550 150 75 75
#FUNDO 3 625 225 75 75
#FUNDO 3 700 300 75 75
#FUNDO 3 775 375 75 75
#FUNDO 3 850 450 75 75
#FUNDO 3 925 525 75 75
#FUNDO 3 1000 600 75 75
#FUNDO 2 850 75 75 75
#FUNDO 2 700 75 75 75
#FUNDO 2 550 75 75 75
#FUNDO 2 625 150 75 75
#FUNDO 2 775 150 75 75
#FUNDO 2 700 225 75 75
#FUNDO 2 850 225 75 75
#FUNDO 2 775 300 75 75
#FUNDO 2 925 300 75 75
#FUNDO 2 850 375 75 75
#FUNDO 2 1000 375 75 75
#FUNDO 2 925 450 75 75
#FUNDO 2 850 525 75 75
#FUNDO 2 775 450 75 75
#FUNDO 2 925 600 75 75
#FUNDO 3 775 525 75 75
#FUNDO 3 850 600 75 75
#FUNDO 3 925 675 75 75
#FUNDO 3 1000 750 75 75
#FUNDO 3 1075 825 75 75
#FUNDO 2 400 75 75 75
#FUNDO 2 475 150 75 75
#FUNDO 2 550 225 75 75
#FUNDO 2 625 300 75 75
#FUNDO 2 700 375 75 75
#FUNDO 2 700 525 75 75
#FUNDO 2 775 600 75 75
#FUNDO 2 850 675 75 75
#FUNDO 2 925 750 75 75
#FUNDO 2 400 225 75 75
#FUNDO 2 475 300 75 75
#FUNDO 2 550 375 75 75
#FUNDO 2 625 450 75 75
#FUNDO 3 700 450 75 75
#FUNDO 3 625 375 75 75
#FUNDO 3 550 300 75 75
#FUNDO 3 475 225 75 75
#FUNDO 3 400 150 75 75
#FUNDO 3 325 75 75 75
#FUNDO 3 325 225 75 75
#FUNDO 3 400 300 75 75
#FUNDO 3 550 450 75 75
#FUNDO 3 625 525 75 75
#FUNDO 3 700 600 75 75
#FUNDO 3 775 675 75 75
#FUNDO 3 850 750 75 75
#FUNDO 3 925 825 75 75
#FUNDO 2 250 225 75 75
#FUNDO 2 325 300 75 75
#FUNDO 2 400 375 75 75
#FUNDO 2 625 600 75 75
#FUNDO 2 550 525 75 75
#FUNDO 2 700 675 75 75
#FUNDO 2 775 750 75 75
#FUNDO 2 850 825 75 75
#FUNDO 2 700 825 75 75
#FUNDO 2 175 300 75 75
#FUNDO 2 250 375 75 75
#FUNDO 3 250 300 75 75
#FUNDO 3 325 375 75 75
#FUNDO 3 175 375 75 75
#FUNDO 3 175 225 75 75
#FUNDO 3 100 300 75 75
#FUNDO 3 100 450 75 75
#FUNDO 3 25 225 75 75
#FUNDO 3 250 450 75 75
#FUNDO 3 400 450 75 75
#FUNDO 3 700 750 75 75
#FUNDO 3 775 825 75 75
#FUNDO 3 625 675 75 75
#FUNDO 3 550 600 75 75
#FUNDO 3 475 525 75 75
#FUNDO 5 475 450 75 75
#FUNDO 5 325 450 75 75
#FUNDO 5 175 450 75 75
#FUNDO 5 100 375 75 75
#FUNDO 5 100 225 75 75
#FUNDO 3 0 75 75 75
#FUNDO 2 475 600 75 75
#FUNDO 2 550 675 75 75
#FUNDO 2 625 750 75 75
#FUNDO 2 550 825 75 75
#FUNDO 2 475 750 75 75
#FUNDO 2 400 675 75 75
#FUNDO 2 400 525 75 75
#FUNDO 2 325 600 75 75
#FUNDO 2 250 525 75 75
#FUNDO 2 175 600 75 75
#FUNDO 2 250 675 75 75
#FUNDO 2 325 750 75 75
#FUNDO 2 400 825 75 75
#FUNDO 2 250 825 75 75
#FUNDO 2 175 750 75 75
#FUNDO 2 100 675 75 75
#FUNDO 3 325 525 75 75
#FUNDO 3 400 600 75 75
#FUNDO 3 475 675 75 75
#FUNDO 3 550 750 75 75
#FUNDO 3 625 825 75 75
#FUNDO 3 475 825 75 75
#FUNDO 3 400 750 75 75
#FUNDO 3 325 675 75 75
#FUNDO 3 250 600 75 75
#FUNDO 3 175 525 75 75
#FUNDO 3 175 675 75 75
#FUNDO 3 250 750 75 75
#FUNDO 3 325 825 75 75
#FUNDO 5 100 525 75 75
#FUNDO 5 25 750 75 75
#FUNDO 4 100 600 75 75
#FUNDO 3 100 750 75 75
#FUNDO 3 175 825 75 75
#FUNDO 3 25 675 75 75
#FUNDO 3 25 525 75 75
#FUNDO 5 100 825 75 75
#FUNDO 5 25 600 75 75
#FUNDO 5 25 450 75 75
#FUNDO 3 0 225 75 75
#FUNDO 2 25 300 75 75
#FUNDO 2 0 300 75 75
#FUNDO 2 0 450 75 75
#FUNDO 2 0 525 75 75
#FUNDO 2 0 600 75 75
#FUNDO 2 0 675 75 75
#FUNDO 2 0 750 75 75
#FUNDO 3 1125 900 75 75
#FUNDO 3 1125 975 75 75
#FUNDO 4 1000 900 75 75
#FUNDO 4 850 900 75 75
#FUNDO 4 700 900 75 75
#FUNDO 4 550 900 75 75
#FUNDO 4 400 900 75 75
#FUNDO 4 250 900 75 75
#FUNDO 4 100 900 75 75
#FUNDO 4 925 900 75 75
#FUNDO 4 775 900 75 75
#FUNDO 4 625 900 75 75
#FUNDO 4 475 900 75 75
#FUNDO 5 325 900 75 75
#FUNDO 5 175 900 75 75
#FUNDO 5 25 900 75 75
#FUNDO 5 0 900 75 75
#FUNDO 3 1075 900 75 75
#FUNDO 5 25 825 75 75
#FUNDO 5 0 825 75 75
#FUNDO 5 1375 900 75 75
#FUNDO 3 475 375 75 75
#FUNDO 5 1525 450 75 75
#FUNDO 5 1450 675 75 75
#FUNDO 1 1600 0 75 75
#FUNDO 0 1675 0 75 75
#FUNDO 1 1750 0 75 75
#FUNDO 0 1825 0 75 75
#FUNDO 2 1600 75 75 75
#FUNDO 2 1600 225 75 75
#FUNDO 2 1600 375 75 75
#FUNDO 5 1600 525 75 75
#FUNDO 5 1600 675 75 75
#FUNDO 5 1600 825 75 75
#FUNDO 3 1600 750 75 75
#FUNDO 3 1600 600 75 75
#FUNDO 3 1600 450 75 75
#FUNDO 3 1600 300 75 75
#FUNDO 3 1600 900 75 75
#FUNDO 5 1675 900 75 75
#FUNDO 5 1675 750 75 75
#FUNDO 5 1675 600 75 75
#FUNDO 5 1675 450 75 75
#FUNDO 5 1675 300 75 75
#FUNDO 5 1675 150 75 75
#FUNDO 3 1675 75 75 75
#FUNDO 3 1675 225 75 75
#FUNDO 3 1675 375 75 75
#FUNDO 3 1675 525 75 75
#FUNDO 3 1675 675 75 75
#FUNDO 3 1675 825 75 75
#FUNDO 2 1750 75 75 75
#FUNDO 2 1750 225 75 75
#FUNDO 3 1750 150 75 75
#FUNDO 3 1750 300 75 75
#FUNDO 3 1750 450 75 75
#FUNDO 3 1750 600 75 75
#FUNDO 3 1750 750 75 75
#FUNDO 3 1750 900 75 75
#FUNDO 5 1750 825 75 75
#FUNDO 5 1750 675 75 75
#FUNDO 5 1750 525 75 75
#FUNDO 5 1750 375 75 75
#FUNDO 3 1825 75 75 75
#FUNDO 3 1825 225 75 75
#FUNDO 3 1825 375 75 75
#FUNDO 3 1825 525 75 75
#FUNDO 3 1825 675 75 75
#FUNDO 3 1825 825 75 75
#FUNDO 5 1825 150 75 75
#FUNDO 5 1825 300 75 75
#FUNDO 5 1825 450 75 75
#FUNDO 5 1825 600 75 75
#FUNDO 5 1825 750 75 75
#FUNDO 5 1825 900 75 75
#FUNDO 4 1825 975 75 75
#FUNDO 3 1600 150 75 75
#FUNDO 4 25 375 75 75
#FUNDO 4 0 375 75 75
#FUNDO 2 25 150 75 75
#FUNDO 3 25 75 75 75
#FUNDO 3 0 150 75 75
#FUNDO 1 125 0 75 75
#FUNDO 2 325 150 75 75
#FUNDO 5 100 75 75 75
#FUNDO 3 100 150 75 75
#FUNDO 3 175 75 75 75
#FUNDO 3 175 150 75 75
#FUNDO 1 250 0 75 75
#FUNDO 3 250 150 75 75
#FUNDO 5 250 75 75 75
#PLATAFORMA 9 400 750 75 75
#PLATAFORMA 7 825 850 75 75
#PLATAFORMA 7 1125 850 75 75
#PLATAFORMA 8 1200 850 75 75
#PLATAFORMA 6 775 600 75 75
#PLATAFORMA 8 850 600 75 75
#PLATAFORMA 7 1375 300 75 75
#PLATAFORMA 7 1450 300 75 75
#PLATAFORMA 8 1525 300 75 75
#PLATAFORMA 8 1225 500 75 75
#PLATAFORMA 6 1300 300 75 75
#PLATAFORMA 6 550 375 75 75
#PLATAFORMA 8 625 375 75 75
#PLATAFORMA 6 25 875 75 75
#PLATAFORMA 7 100 875 75 75
#PLATAFORMA 8 175 875 75 75
#PLATAFORMA 8 1275 850 75 75
#PLATAFORMA 8 1350 850 75 75
#PLATAFORMA 7 475 375 75 75
#PLATAFORMA 6 400 375 75 75
#PLATAFORMA 7 1525 575 75 75
#PLATAFORMA 7 1000 350 75 75
#PLATAFORMA 7 1775 225 75 75
#PLATAFORMA 6 325 375 75 75
#PLATAFORMA 7 200 200 75 75
#PLATAFORMA 7 275 200 75 75
#INIMIGO 11 250 975 75 75
#INIMIGO 11 325 975 75 75
#INIMIGO 11 400 950 75 75
#INIMIGO 11 450 975 75 75
#INIMIGO 11 525 975 75 75
#INIMIGO 11 600 975 75 75
#INIMIGO 11 675 1000 75 75
#INIMIGO 11 200 950 75 75
#INIMIGO 11 150 975 75 75
#INIMIGO 11 100 975 75 75
#INIMIGO 11 25 975 75 75
#INIMIGO 10 200 900 75 75
#INIMIGO 10 275 925 75 75
#INIMIGO 10 350 900 75 75
#INIMIGO 10 425 900 75 75
#INIMIGO 10 500 900 75 75
#INIMIGO 10 575 900 75 75
#INIMIGO 10 800 900 75 75
#INIMIGO 10 875 900 75 75
#INIMIGO 10 1175 900 75 75
#INIMIGO 10 1550 900 75 75
#INIMIGO 10 1550 900 75 75
#INIMIGO 11 675 975 75 75
#INIMIGO 11 750 975 75 75
#INIMIGO 11 825 975 75 75
#INIMIGO 11 900 975 75 75
#INIMIGO 11 975 975 75 75
#INIMIGO 11 1050 975 75 75
#INIMIGO 11 1125 975 75 75
#INIMIGO 11 1200 975 75 75
#INIMIGO 11 1550 975 75 75
#INIMIGO 11 1550 975 75 75
#INIMIGO 11 0 950 75 75
#INIMIGO 11 1225 950 75 75
#INIMIGO 10 1225 900 75 75
#INIMIGO 10 1025 900 75 75
#INIMIGO 10 950 900 75 75
#INIMIGO 10 650 900 75 75
#INIMIGO 10 725 900 75 75
#INIMIGO 10 125 900 75 75
#INIMIGO 10 50 900 75 75
#INIMIGO 10 0 900 75 75
#INIMIGO 10 275 900 75 75
#INIMIGO 10 1100 900 75 75
#INIMIGO 11 1300 975 75 75
#INIMIGO 11 1375 975 75 75
#INIMIGO 11 1475 975 75 75
#INIMIGO 11 1450 975 75 75
#INIMIGO 11 1550 975 75 75
#INIMIGO 11 1525 975 75 75
#INIMIGO 10 1300 900 75 75
#INIMIGO 10 1375 900 75 75
#INIMIGO 10 1450 900 75 75
#INIMIGO 10 1525 900 75 75
#INIMIGO 12 825 775 75 75
#INIMIGO 13 1225 450 75 75
#INIMIGO 11 1700 950 75 75
#INIMIGO 11 1800 950 75 75
#INIMIGO 11 1775 950 75 75
#INIMIGO 11 1625 950 75 75
#INIMIGO 10 1625 900 75 75
#INIMIGO 10 1700 900 75 75
#INIMIGO 10 1775 900 75 75
#INIMIGO 10 1800 900 75 75
#INIMIGO 12 400 300 75 75
#INIMIGO 12 325 300 75 75
#UTILIDADE 17 200 50 100 150
